"","model_type","R0","gamma_val","omega_val","omega_m_val","kappa_val","rho_val","epsilon_val","mu_val","mj_val","m_val","delta_t","c","s","phi","k1","k2","c_v1","s_v","phi_v","zeta","disp","d","loglik","loglik.se"
"1",2,26.1366572827659,11.192611802005,5.42782116608386,0.801,5000,0,0,1.37,0.501,0.191,365,16.9839519604571,130,7.179,1.24304917669287,0.209766487072394,2.67248243642201,204.142916136484,3.00573772195176,0.333812413381737,1056.43448493943,9.15236409821859,-46.3557522327676,0.020553632136027
"2",2,27.9274667437542,11.0779249799094,5.90197625907026,0.801,5000,0,0,1.37,0.501,0.191,365,16.0534420240297,130,7.179,1.03585044491209,0.199587857198421,2.25654641488923,172.412782338845,3.00029620720026,0.534802584269143,1527.65046438161,5.86557113782469,-46.3875169423424,0.0264946489868991
"3",2,26.3901074376727,11.0951117251536,8.44360684001164,0.801,5000,0,0,1.37,0.501,0.191,365,16.7682073410055,130,7.179,1.00567865469079,0.199655927544902,1.21779591072206,99.0482127184508,3.0034701285052,0.76915291107908,761.279066007045,3.97310616100377,-46.4124502317632,0.0297519004689973
"4",2,41.4956431476203,11.1421181605786,4.53730239832858,0.801,5000,0,0,1.37,0.501,0.191,365,11.4894591316973,130,7.179,1.03245713118028,0.215375224193749,1.66013184322682,118.718960387884,3.00643962350867,0.849186687209691,687.743574733627,4.51773593216243,-46.4289662788487,0.0386264976580985
"5",2,42.6492411717833,11.2198915093591,19.0558097975433,0.801,5000,0,0,1.37,0.501,0.191,365,11.3186445783833,130,7.179,1.08810732789447,0.23143243778527,0.438072302253761,156.315638448006,3.01547146929168,0.641519942136216,856.099203506861,6.06681787412118,-46.4454676342157,0.0250133431748012
"6",2,35.463955076974,11.3892975407163,7.7039680815722,0.801,5000,0,0,1.37,0.501,0.191,365,13.352402917053,130,7.179,1.04420630415886,0.20147836416459,1.21723388232918,124.072232545375,3.01455127852334,0.215421231391128,811.728870925751,16.7300750456095,-46.4747439997621,0.074503228100817
"7",2,41.3033931413643,11.247594267123,9.65693138857003,0.801,5000,0,0,1.37,0.501,0.191,365,11.5483886274428,130,7.179,1.1323502979853,0.218516324429951,0.998695397018748,170.06405885485,3.01644614872819,0.197689632887198,855.863430691687,19.0872736485889,-46.4770492945139,0.0201682322305304
"8",2,34.3714378298004,11.0720751993145,9.59016019392283,0.801,5000,0,0,1.37,0.501,0.191,365,13.7525929036701,130,7.179,1.09758706488185,0.20871980383048,1.21344920359431,188.084313156074,3.01394418299847,0.839186808753891,766.850724419032,4.0377786900509,-46.4782819296069,0.0301168415377665
"9",2,38.449714939587,11.2147381424762,4.28571240579581,0.801,5000,0,0,1.37,0.501,0.191,365,12.2947710060997,130,7.179,1.07579068558174,0.214182926726407,2.05514578503962,136.697092420933,3.01682475812972,0.402441307916941,673.900859039107,9.2234255183808,-46.4911619232934,0.0263585702566041
"10",2,30.9465955239592,11.0921976125457,8.95720841288318,0.801,5000,0,0,1.37,0.501,0.191,365,14.674222826824,130,7.179,0.979231035917455,0.194442424437874,1.16434379645315,119.001138760299,3.01137446234087,0.500839761730425,664.370485273827,6.58789265420903,-46.5151041577902,0.0282934992224442
"11",2,34.220745592298,11.2961116583897,4.36081335331983,0.801,5000,0,0,1.37,0.501,0.191,365,13.5551137736662,130,7.179,1.11579011154913,0.206745299689102,2.87134926620403,211.045695189607,3.01284606723208,0.437121892685657,538.980144660123,8.05264076805235,-46.5442928181863,0.00579401251829338
"12",2,45.5015439599096,11.226773254394,4.47170834330466,0.801,5000,0,0,1.37,0.501,0.191,365,10.8856392136332,130,7.179,1.03088587664769,0.230235770100525,1.34760683557615,77.244013217214,3.02762718812213,0.86962513478342,528.619204364534,4.42195889974698,-46.5866712730301,0.0374098073595076
"13",2,17.704887517575,10.675145322805,8.50887340346017,0.801,5000,0,0,1.37,0.501,0.191,365,24.8632167005444,130,7.179,0.897410238945566,0.180241945223238,1.97642768204282,109.981812240781,2.99407213262717,0.831908013252139,707.909650539028,2.80297408740598,-46.6050683234703,0.0230168496607349
"14",2,28.0836633236107,11.1989487487898,10.8679047275295,0.801,5000,0,0,1.37,0.501,0.191,365,16.1066045421627,130,7.179,1.01541429693244,0.207167342781363,1.08788204788843,146.510787648401,3.01193340908046,0.630686876324806,398.848301659549,5.03047815890544,-46.6139547709513,0.0279282992161059
"15",2,34.1554844705999,11.3606237085724,11.1893806315156,0.801,5000,0,0,1.37,0.501,0.191,365,13.2524140231632,130,7.179,1.2374726614081,0.21927168502845,1.27736507849194,328.0311999231,3.01312195596018,0.494510276462413,294.889502152641,7.1622213464032,-46.6142180029369,0.0126498780702809
"16",2,32.0033086118622,11.3806319360311,12.3879978649586,0.801,5000,0,0,1.37,0.501,0.191,365,14.150748257938,130,7.179,1.06632218353628,0.211494176215332,0.69855363177749,98.9452078734132,3.01570735330821,0.398107521187045,286.323357468407,8.62784235399875,-46.6278205264931,0.0334218072419813
"17",2,31.8238503100914,11.2410783344021,7.64932126381398,0.801,5000,0,0,1.37,0.501,0.191,365,13.9660641149729,130,7.179,0.97682383055917,0.223125493600488,2.24718452106137,448.272942102187,3.00838346514097,0.532516397000011,425.492230967357,6.55313685917307,-46.6529302600463,0.0301738623728946
"18",2,47.4644181523943,11.1866838474789,3.67548186083554,0.801,5000,0,0,1.37,0.501,0.191,365,10.2866529258363,130,7.179,0.873452647926554,0.239220920557404,1.78354295033296,102.674159180098,6.15808901694217,0.309288284321114,880.659230768413,12.9955223117347,-46.6863889244017,0.0457145402505998
"19",2,34.4602938876651,11.1799152458861,3.54441997057912,0.801,5000,0,0,1.37,0.501,0.191,365,13.3376172201633,130,7.179,0.965243423022288,0.199614548974734,3.20661023348881,172.526215533848,3.00790183746193,0.395227120145847,322.257939995804,8.92635340235244,-46.7158863110942,0.0549671821617556
"20",2,31.7110768934555,11.1328843934531,11.3695013753173,0.801,5000,0,0,1.37,0.501,0.191,365,14.5175666359472,130,7.179,1.14975079850058,0.21396103297545,0.983654805877563,165.162360614318,3.01728117439342,0.445914203276342,244.11678972649,7.46059791409906,-46.7483593915793,0.0441182227524704
"21",2,30.6687284939929,11.1877171374597,12.3666173161164,0.801,5000,0,0,1.37,0.501,0.191,365,14.7359387597032,130,7.179,1.11913435789179,0.202079115256646,1.10750541951036,216.960778914752,3.00982507001589,0.28975863958216,252.192207472054,11.4904231930923,-46.7620208685336,0.026560808047333
"22",2,33.9487780208341,11.1288485946835,5.44920751993869,0.801,5000,0,0,1.37,0.501,0.191,365,13.7347771877163,130,7.179,1.1732280423747,0.222162423186156,1.77439155105087,126.662276631046,3.01767335240195,0.454493877849972,185.714874682814,7.33094687646814,-46.7681028310691,0.00487742752627765
"23",2,17.6318753736235,10.9119272909202,19.4069289322568,0.801,5000,0,0,1.37,0.501,0.191,365,23.9968900955388,130,7.179,0.841718792356515,0.181750884178972,0.73894754681091,83.9498419582349,3.00022813597845,0.719448067228083,514.50127021204,3.41987336749793,-46.8011870409639,0.0351663213122597
"24",2,50.4976490929554,11.0483304775899,28.0111575734276,0.801,5000,0,0,1.37,0.501,0.191,365,9.77753564723411,130,7.179,0.998331115894339,0.223040254863946,0.318963316808162,207.362779363872,3.02025282107872,0.753088946834469,356.292105550814,5.50933933217991,-46.8044977650068,0.0561928417535731
"25",2,23.2034528120825,11.066570742797,7.98900957052297,0.801,5000,0,0,1.37,0.501,0.191,365,18.7853749914554,130,7.179,0.980356512336295,0.188646508458779,1.70133460519041,124.273662649307,3.00629183215875,0.345064350345488,228.599033494291,8.26732896390579,-46.8598291187786,0.0309722283055531
"26",2,37.2308378550907,11.4596202412613,8.75469338545521,0.801,5000,0,0,1.37,0.501,0.191,365,12.4116048946475,130,7.179,0.732122642975821,0.196949120669436,0.936238928239803,91.0565809892446,9.28121996592824,0.327912627348807,1256.30443537653,11.6048364507271,-46.8799277945926,0.0330931843851981
"27",2,40.3229123687893,11.3908799851837,8.75582282644288,0.801,5000,0,0,1.37,0.501,0.191,365,11.6022440120604,130,7.179,0.770296746593725,0.222460683498576,0.736003737295054,81.1324961133908,6.15564323929716,0.526316989550935,628.802792017377,7.42861210886737,-46.919347655088,0.0465808821563956
"28",2,32.7067754871376,11.2848910163146,12.3419307395069,0.801,5000,0,0,1.37,0.501,0.191,365,13.9568760220824,130,7.179,1.27424639206966,0.218376524970027,0.818787542794915,140.917481967635,3.01422811649191,0.314996085564518,129.504070987652,10.682656693308,-46.98364912053,0.0139408381386588
"29",2,67.8495016020164,10.9579530041409,17.277809869723,0.801,5000,0,0,1.37,0.501,0.191,365,7.87699578491617,130,7.179,1.26822162039992,0.365472087536176,0.369587992689054,261.422090888997,6.16870432855163,0.625539416723761,423.504442399935,7.49268492026849,-47.2586685826628,0.0445587547648156
"30",2,21.1326806588761,8.00861149534026,11.1955941389586,0.801,5000,0,0,1.37,0.501,0.191,365,25.2356751295417,130,7.179,0.669543592202083,0.157377864509372,1.8312804489545,58.2850271888838,2.97821902753882,0.942604916305344,516.334402895228,1.46307819956599,-48.642704985245,0.0314894590150662
